image: cozmo.png
resolution: 0.0010000
origin: [-0.3, -0.3, 0.000000]
negate: 0
occupied_thresh: 0.65
free_thresh: 0.196